35 37 543 5|571 42 6 420|25 456 546 8|25 93 8 372|143 44 6 265|268 195 5 268|381 45 6 261|384 161 111 5
0 44
40 410 27|40 300 27|40 410 27|40 300 27
80 20 18|80 150 18|80 20 18|80 150 18
30 310 27|110 310 27|30 310 27|110 310 27
200 300 18|200 100 9|140 100 9|200 100 18
140 100 9|330 100 9|140 100 9|330 100 9
310 100 18|310 250 18|310 100 18|310 250 18
270 310 27|380 310 27|270 310 27|380 310 27
500 400 18|500 170 9|385 170 9|500 170 18
385 310 9|385 220 9|385 310 9|385 220 9
385 170 9|500 170 9|385 170 9|500 170 9
385 120 0|385 90 3|385 60 3|385 40 3
385 40 9|520 40 9|385 40 9|520 40 9